vorname,anzahl,geschlecht
Charlotte,64,w
Marie,51,w
Sophie,50,w
Anton,42,m
Emma,42,w
Maria,42,w
Emil,41,m
Ali,40,m
Alexander,39,m
Anna,39,w
Leon,37,m
Mia,37,w
Elias,35,m
Karl,33,m
Paul,33,m
Oskar,31,m
Luise,30,w
Felix,30,m
Ella,29,w
Noah,29,m
Johanna,28,w
Henry,28,m
Jonas,27,m
Paula,26,w
Jonathan,26,m
Maximilian,26,m
Emilia,24,w
Mira,24,w
Jakob,24,m
Valentin,24,m
Elisabeth,23,w
Ida,23,w
Julius,23,m
Sophia,22,w
Moritz,22,m
Mila,21,w
Adam,21,m
Ben,21,m
David,21,m
Friedrich,21,m
Louis,21,m
Lukas,21,m
Clara,20,w
Hannah,20,w
Julia,19,w
Lina,19,w
Marlene,19,w
Olivia,19,w
Liam,19,m
Luca,19,m
Alma,18,w
Anh,18,w
Carl,18,m
Levi,18,m
Michael,18,m
Carlotta,17,w
Helene,17,w
Lea,17,w
Benjamin,17,m
Henri,17,m
Milan,17,m
Elisa,16,w
Emily,16,w
Maja,16,w
Maya,16,w
Nora,16,w
Daniel,16,m
Rosa,16,w
Leo,16,m
Luis,16,m
Max,16,m
Minh,16,m
Theodor,16,m
Tony,16,m
Erik,15,m
Finn,15,m
Milo,15,m
Niklas,15,m
Vincent,15,m
Elif,14,w
Martha,14,w
Mina,14,w
Johann,14,m
Leonard,14,m
Leopold,14,m
Theo,14,m
Yusuf,14,m
Lia,13,w
Louise,13,w
Pauline,13,w
Sofia,13,w
Amir,13,m
Frederik,13,m
Amalia,12,w
Elena,12,w
Florentine,12,w
Frida,12,w
Greta,12,w
Lena,12,w
Leni,12,w
Lisa,12,w
Matilda,12,w
Nina,12,w
Arthur,12,m
Fabian,12,m
Jan,12,m
Josef,12,m
Martin,12,m
Matteo,12,m
Muhammed,12,m
Samuel,12,m
Ava,11,w
Ela,11,w
Frieda,11,w
Helena,11,w
Lucia,11,w
Paulina,11,w
Sara,11,w
Selma,11,w
Anh,11,m
August,11,m
Bảo,11,m
Carlo,11,m
Konrad,11,m
Mattis,11,m
Oscar,11,m
Richard,11,m
Simon,11,m
Till,11,m
Ada,10,w
Alexandra,10,w
Amy,10,w
Elsa,10,w
Hanna,10,w
Luna,10,w
Mathilda,10,w
Melina,10,w
Sofie,10,w
Victoria,10,w
Edgar,10,m
Emilio,10,m
Mika,10,m
Neo,10,m
Ole,10,m
Peter,10,m
Philipp,10,m
Sebastian,10,m
Tom,10,m
Amelie,9,w
Anouk,9,w
Eva,9,w
Jenny,9,w
Josefine,9,w
Julie,9,w
Klara,9,w
Lara,9,w
Laura,9,w
Leonie,9,w
Ferdinand,9,m
Lotta,9,w
Florian,9,m
Lotte,9,w
Franz,9,m
Luisa,9,w
Gia,9,m
Malia,9,w
Gustav,9,m
Nele,9,w
Hannes,9,m
Rose,9,w
Jasper,9,m
Vy,9,w
Justus,9,m
Leonardo,9,m
Mats,9,m
Mohammed,9,m
Nils,9,m
Noel,9,m
Pepe,9,m
Thomas,9,m
Wilhelm,9,m
Amira,8,w
Aurora,8,w
Carla,8,w
Dorothea,8,w
Elise,8,w
Helen,8,w
Isabel,8,w
Isabella,8,w
Jana,8,w
Aaron,8,m
Josephine,8,w
Ahmed,8,m
Katharina,8,w
Alessio,8,m
Lilly,8,w
Benedikt,8,m
Mara,8,w
Bruno,8,m
Melek,8,w
Caspar,8,m
Nur,8,w
Constantin,8,m
Rosalie,8,w
Emilian,8,m
Sarah,8,w
Fritz,8,m
Tessa,8,w
Gabriel,8,m
Viktoria,8,w
Joel,8,m
Zeynep,8,w
Juri,8,m
Kevin,8,m
Otto,8,m
Piet,8,m
Robin,8,m
Said,8,m
Tim,8,m
Willem,8,m
Yiğit,8,m
Alice,7,w
Anni,7,w
Antonia,7,w
Emilie,7,w
Hedi,7,w
Jolie,7,w
Leah,7,w
Leyla,7,w
Linh,7,w
Adrian,7,m
Lucy,7,w
Bao,7,m
Magdalena,7,w
Bo,7,m
Merle,7,w
Christian,7,m
Meryem,7,w
Jonah,7,m
Nhi,7,w
Konstantin,7,m
Tilda,7,w
Kurt,7,m
Lennox,7,m
Linus,7,m
Malik,7,m
Mateo,7,m
Maxim,7,m
Mustafa,7,m
Nam,7,m
Nino,7,m
Stefan,7,m
Toni,7,m
Willi,7,m
Ömer,7,m
Alina,6,w
Alva,6,w
An,6,w
Erika,6,w
Evelyn,6,w
Hazal,6,w
Jasmin,6,w
Juna,6,w
Leonora,6,w
Linda,6,w
Lore,6,w
Lou,6,w
Louisa,6,w
Ahmad,6,m
Malou,6,w
Ahmet,6,m
Medina,6,w
Albert,6,m
Milena,6,w
Anthony,6,m
Nicole,6,w
Artur,6,m
Romy,6,w
Bela,6,m
Stella,6,w
Can,6,m
Yara,6,w
Duy,6,m
Yuna,6,w
Edward,6,m
Zoe,6,w
Emir,6,m
Eren,6,m
Hamza,6,m
Hugo,6,m
Ibrahim,6,m
Jannes,6,m
Jannis,6,m
Johannes,6,m
Johnny,6,m
Jona,6,m
Kilian,6,m
Lucas,6,m
Luke,6,m
Maria,6,m
Matthias,6,m
Mohamad,6,m
Mohammad,6,m
Nicolas,6,m
Oliver,6,m
Raphael,6,m
Timo,6,m
Werner,6,m
William,6,m
Anastasia,5,w
Annika,5,w
Bao,5,w
Defne,5,w
Diana,5,w
Elina,5,w
Ellen,5,w
Elli,5,w
Emmi,5,w
Esila,5,w
Fatima,5,w
Fiona,5,w
Flora,5,w
Fritzi,5,w
Isabell,5,w
Karla,5,w
Lieselotte,5,w
Luzia,5,w
Maila,5,w
Melissa,5,w
Michelle,5,w
Milla,5,w
Miray,5,w
Alex,5,m
Ngoc,5,w
Arne,5,m
Ngọc,5,w
Bilal,5,m
Ruth,5,w
Béla,5,m
Wilma,5,w
Duc,5,m
Zehra,5,w
Elliot,5,m
Zoey,5,w
Enno,5,m
Zoé,5,w
Ensar,5,m
Eric,5,m
Erwin,5,m
Fiete,5,m
Hussein,5,m
Jamal,5,m
Jaron,5,m
John,5,m
Joshua,5,m
Julian,5,m
Karim,5,m
Kasimir,5,m
Lennard,5,m
Lian,5,m
Lias,5,m
Long,5,m
Luan,5,m
Muhammad,5,m
Nathan,5,m
Otis,5,m
Pascal,5,m
Robert,5,m
Roman,5,m
Thore,5,m
Tobias,5,m
Tristan,5,m
Wim,5,m
Yasin,5,m
Youssef,5,m
Yunus,5,m
Đức,5,m
Amelia,4,w
Asya,4,w
Auguste,4,w
Ayşe,4,w
Cecilia,4,w
Christina,4,w
Coco,4,w
Eline,4,w
Elly,4,w
Gabriele,4,w
Hatice,4,w
Heidi,4,w
Holly,4,w
Jara,4,w
Jonna,4,w
Jule,4,w
Karin,4,w
Karlotta,4,w
Lilith,4,w
Liv,4,w
Liya,4,w
Mai,4,w
Malina,4,w
Manuela,4,w
Mariam,4,w
Marla,4,w
Marleen,4,w
Marta,4,w
Mathilde,4,w
Nika,4,w
Nisa,4,w
Amin,4,m
Pia,4,w
Andreas,4,m
Ronja,4,w
Arno,4,m
Selena,4,w
Balthazar,4,m
Tala,4,w
Cem,4,m
Talia,4,w
Damian,4,m
Thea,4,w
Dean,4,m
Theresa,4,w
Dirk,4,m
Tuana,4,w
Edwin,4,m
Yade,4,w
Efe,4,m
Elyas,4,m
Emin,4,m
Emre,4,m
Ernst,4,m
Frank,4,m
Frederick,4,m
Heinz,4,m
Huy,4,m
Ian,4,m
Ilja,4,m
Jacques,4,m
James,4,m
Jamie,4,m
Janne,4,m
Jayden,4,m
Jim,4,m
Jonny,4,m
Joris,4,m
Joscha,4,m
Justin,4,m
Kai,4,m
Leander,4,m
Leonhard,4,m
Levin,4,m
Lorenz,4,m
Lorenzo,4,m
Mads,4,m
Magnus,4,m
Mahmoud,4,m
Marius,4,m
Markus,4,m
Marlon,4,m
Marten,4,m
Matti,4,m
Mehmet,4,m
Nhat,4,m
Noam,4,m
Omar,4,m
Phong,4,m
Prince,4,m
Rafael,4,m
Ragnar,4,m
Ryan,4,m
Sami,4,m
Taha,4,m
Titus,4,m
Valentino,4,m
Victor,4,m
Việt,4,m
Adele,3,w
Adelina,3,w
Alea,3,w
Alessia,3,w
Alfreda,3,w
Alisa,3,w
Amadea,3,w
Amanda,3,w
Amine,3,w
Amélie,3,w
Andrea,3,w
Angela,3,w
Angelina,3,w
Annabell,3,w
Bella,3,w
Berfin,3,w
Celine,3,w
Dana,3,w
Ebba,3,w
Ecrin,3,w
Edda,3,w
Edith,3,w
Ellie,3,w
Emely,3,w
Fatma,3,w
Felicitas,3,w
Filippa,3,w
Finja,3,w
Friederike,3,w
Gia,3,w
Gisela,3,w
Halime,3,w
Hedda,3,w
Hilda,3,w
Hira,3,w
Ines,3,w
Isabelle,3,w
Ivana,3,w
Jessica,3,w
Jona,3,w
Juno,3,w
Karina,3,w
Kaya,3,w
Kiara,3,w
Kübra,3,w
Lana,3,w
Layla,3,w
Lea-Sophie,3,w
Leia,3,w
Leonor,3,w
Abdurrahman,3,m
Liah,3,w
Aleksander,3,m
Lila,3,w
Alexis,3,m
Lilian,3,w
Amar,3,m
Liliana,3,w
Amon,3,m
Lilli,3,w
An,3,m
Lilou,3,w
Andy,3,m
Lily,3,w
Armin,3,m
Linn,3,w
Augustin,3,m
Linnea,3,w
Ayaz,3,m
Lisbeth,3,w
Baran,3,m
Livia,3,w
Bastian,3,m
Luca,3,w
Bennet,3,m
Lydia,3,w
Carlos,3,m
Margarete,3,w
Charlie,3,m
Marianna,3,w
Collin,3,m
Martina,3,w
Davis,3,m
May,3,w
Deniz,3,m
Meta,3,w
Devran,3,m
Minna,3,w
Diego,3,m
Minu,3,w
Dieter,3,m
Miral,3,w
Eddie,3,m
Miriam,3,w
Eduard,3,m
My,3,w
Eli,3,m
Nadine,3,w
Elijah,3,m
Naz,3,w
Elliott,3,m
Noemi,3,w
Ernesto,3,m
Nuray,3,w
Eymen,3,m
Nuria,3,w
Fernando,3,m
Petra,3,w
Fridolin,3,m
Phuong,3,w
Fynn,3,m
Pina,3,w
Georg,3,m
Rana,3,w
Gerhard,3,m
Rayan,3,w
Gregor,3,m
Rita,3,w
Halil,3,m
Ruby,3,w
Hans,3,m
Safiya,3,w
Hasan,3,m
Samira,3,w
Heinrich,3,m
Selina,3,w
Hubert,3,m
Sena,3,w
Hüseyin,3,m
Sham,3,w
Hưng,3,m
Shirin,3,w
İbrahim,3,m
Su,3,w
Ilias,3,m
Sultan,3,w
Ilyas,3,m
Susanne,3,w
Ion,3,m
Suzanne,3,w
Jari,3,m
Tamara,3,w
Jaromir,3,m
Tara,3,w
Jason,3,m
Thư,3,w
Johan,3,m
Tina,3,w
Kaan,3,m
Toni,3,w
Kaspar,3,m
Valerie,3,w
Kerem,3,m
Wanda,3,w
Khalil,3,m
Wilhelmine,3,w
Khánh,3,m
Xezal,3,w
Kolja,3,m
Yaren,3,w
Lars,3,m
Zahra,3,w
Lasse,3,m
Laurin,3,m
Leif,3,m
Lou,3,m
Ludwig,3,m
Luka,3,m
Lâm,3,m
Majd,3,m
Malte,3,m
Mathis,3,m
Mattheo,3,m
Matthis,3,m
Merdan,3,m
Mert,3,m
Mica,3,m
Michel,3,m
Mikail,3,m
Miko,3,m
Miran,3,m
Miraç,3,m
Mohamed,3,m
Murat,3,m
Nguyên,3,m
Nick,3,m
Niko,3,m
Omran,3,m
Onni,3,m
Onno,3,m
Philip,3,m
Quang,3,m
Rami,3,m
René,3,m
Ricardo,3,m
Sam,3,m
Tayler,3,m
Thành,3,m
Tommy,3,m
Ulrich,3,m
Veit,3,m
Walter,3,m
Wotan,3,m
Abigail,2,w
Adriana,2,w
Agnes,2,w
Aicha,2,w
Alba,2,w
Aleah,2,w
Alexis,2,w
Alicia,2,w
Alin,2,w
Alisha,2,w
Amal,2,w
Amani,2,w
Amara,2,w
Amaris,2,w
Amna,2,w
Ana,2,w
Anissa,2,w
Annabelle,2,w
Annamaria,2,w
Annie,2,w
Anuk,2,w
Ariana,2,w
Asmin,2,w
Aurelia,2,w
Aya,2,w
Ayan,2,w
Bahar,2,w
Bianca,2,w
Büşra,2,w
Camilla,2,w
Celina,2,w
Cennet,2,w
Charlie,2,w
Charlott,2,w
Chiara,2,w
Christiana,2,w
Christiane,2,w
Clementine,2,w
Cosima,2,w
Daniela,2,w
Daria,2,w
Aki,2,m
Dilan,2,w
Akim,2,m
Dilara,2,w
Alejandro,2,m
Divine,2,w
Alexandre,2,m
Diệp,2,w
Alfons,2,m
Duong,2,w
Alfred,2,m
Ebrar,2,w
Aliev,2,m
Eleonore,2,w
Alp,2,m
Elfriede,2,w
Alvar,2,m
Elin,2,w
Alvin,2,m
Eliza,2,w
Amaru,2,m
Else,2,w
Angelo,2,m
Ema,2,w
Anik,2,m
Emelie,2,w
Ansgar,2,m
Emine,2,w
Antoni,2,m
Emmy,2,w
Antonin,2,m
Erna,2,w
Anuk,2,m
Erva,2,w
Aram,2,m
Estelle,2,w
Aras,2,m
Eve,2,w
Arda,2,m
Evi,2,w
Aren,2,m
Ewa,2,w
Ariel,2,m
Eysan,2,w
Arif,2,m
Ezgi,2,w
Arik,2,m
Fabienne,2,w
Armando,2,m
Feline,2,w
Aron,2,m
Feyzi,2,w
Atakan,2,m
Filiz,2,w
Atilla,2,m
Franka,2,w
Avi,2,m
Franziska,2,w
Aviv,2,m
Freya,2,w
Axel,2,m
Gabriela,2,w
Aydin,2,m
Golda,2,w
Aziz,2,m
Grace,2,w
Balthasar,2,m
Gretchen,2,w
Barnabas,2,m
Grete,2,w
Benno,2,m
Gül,2,w
Björn,2,m
Gülsüm,2,w
Boris,2,m
Habiba,2,w
Bruce,2,m
Hai,2,w
Camillo,2,m
Hala,2,w
Carsten,2,m
Hanne,2,w
Cemal,2,m
Havva,2,w
Christoph,2,m
Helga,2,w
Christopher,2,m
Hella,2,w
Colin,2,m
Henriette,2,w
Cường,2,m
Hiranur,2,w
Dang,2,m
Hà,2,w
Danny,2,m
Hüma,2,w
Dante,2,m
Ida-Marie,2,w
Darian,2,m
Inci,2,w
Denis,2,m
Ingrid,2,w
Dennis,2,m
Irina,2,w
Derk,2,m
Iris,2,w
Detlef,2,m
Irma,2,w
Dinh,2,m
Ivy,2,w
Donnie,2,m
Janna,2,w
Dylan,2,m
Jeanne,2,w
Eddy,2,m
Jelena,2,w
Ediz,2,m
Jennifer,2,w
Egon,2,m
Jette,2,w
Elion,2,m
Joana,2,w
Elvin,2,m
Jola,2,w
Emanuel,2,m
Joleen,2,w
Emiliano,2,m
Jolina,2,w
Enea,2,m
Joline,2,w
Erol,2,m
Julika,2,w
Faris,2,m
June,2,w
Francesco,2,m
Karoline,2,w
Franciszek,2,m
Kathleen,2,w
Fred,2,m
Katrin,2,w
Fredrik,2,m
Kim,2,w
Furkan,2,m
Kristina,2,w
Gordon,2,m
Lale,2,w
Hakan,2,m
Latifa,2,w
Hanno,2,m
Lavinia,2,w
Harry,2,m
Lee,2,w
Harun,2,m
Leila,2,w
Hassan,2,m
Lejla,2,w
Hendrik,2,m
Lene,2,w
Henning,2,m
Leonore,2,w
Henrik,2,m
Leticia,2,w
Hermann,2,m
Levke,2,w
Hieu,2,m
Liljana,2,w
Hiếu,2,m
Lilo,2,w
Hoang,2,m
Lin,2,w
Ignacio,2,m
Linea,2,w
Ilya,2,m
Liva,2,w
İsmail,2,m
Loreen,2,w
Jack,2,m
Lotti,2,w
Jacob,2,m
Luana,2,w
Jamo,2,m
Lucie,2,w
Janek,2,m
Lucille,2,w
Jannik,2,m
Luzie,2,w
Janosch,2,m
Lyn,2,w
Jaspar,2,m
Lynn,2,w
Javier,2,m
Léa,2,w
Jean,2,m
Madeleine,2,w
Jelle,2,m
Malie,2,w
Jeremy,2,m
Malika,2,w
Joah,2,m
Malin,2,w
Joaquín,2,m
Malu,2,w
Joschua,2,m
Maren,2,w
Jules,2,m
Margareta,2,w
Jusuf,2,m
Mariana,2,w
Kalle,2,m
Marianne,2,w
Kamil,2,m
Mariella,2,w
Karlson,2,m
Marion,2,w
Khaled,2,m
Marlen,2,w
Khang,2,m
Marlena,2,w
Khanh,2,m
Maryam,2,w
Khôi,2,m
Masal,2,w
Kian,2,m
Maxime,2,w
Knut,2,m
Maxine,2,w
Laurence,2,m
Mayra,2,w
Lee,2,m
Medine,2,w
Leevi,2,m
Melike,2,w
Leonel,2,m
Melisa,2,w
Lev,2,m
Meret,2,w
Lewin,2,m
Merve,2,w
Lio,2,m
Mia-Marie,2,w
Lorik,2,m
Mika,2,w
Loris,2,m
Mimi,2,w
Lovis,2,m
Minh,2,w
Lucien,2,m
Monika,2,w
Léon,2,m
Naima,2,w
Lộc,2,m
Najah,2,w
Maik,2,m
Natalie,2,w
Maksim,2,m
Nayla,2,w
Marc,2,m
Nguyễn,2,w
Marian,2,m
Như,2,w
Marko,2,m
Nike,2,w
Marlin,2,m
Nila,2,w
Matei,2,m
Noa,2,w
Matheo,2,m
Nour,2,w
Mathias,2,m
Nova,2,w
Mattia,2,m
Odette,2,w
Maurice,2,m
Ona,2,w
Melih,2,m
Ornella,2,w
Merlin,2,m
Patricia,2,w
Miguel,2,m
Philine,2,w
Milas,2,m
Phương,2,w
Mio,2,m
Plamenova,2,w
Mirac,2,m
Quỳnh,2,w
Musa,2,m
Rabia,2,w
Nahuel,2,m
Rahel,2,w
Navid,2,m
Ramona,2,w
Neil,2,m
Ranim,2,w
Nelson,2,m
Ravza,2,w
Nepomuk,2,m
Rebecca,2,w
Nguyen,2,m
Sana,2,w
Nhật,2,m
Sascha,2,w
Niclas,2,m
Selen,2,w
Nico,2,m
Selvira,2,w
Nicolás,2,m
Seraphina,2,w
Nikita,2,m
Stefania,2,w
Nikolai,2,m
Sue,2,w
Nilo,2,m
Sunny,2,w
Nuno,2,m
Susanna,2,w
Nuri,2,m
Sylvia,2,w
Orhan,2,m
Tabea,2,w
Osman,2,m
Thao,2,w
Ove,2,m
Thekla,2,w
Pablo,2,m
Therese,2,w
Patrick,2,m
Thien,2,w
Pavel,2,m
Thiên,2,w
Pekka,2,m
Thu,2,w
Phillip,2,m
Thy,2,w
Phuc,2,m
Thảo,2,w
Phước,2,m
Tiên,2,w
Poyraz,2,m
Tosca,2,w
Rainer,2,m
Tra,2,w
Rajan,2,m
Trang,2,w
Ramin,2,m
Tuğçe,2,w
Rico,2,m
Uyên,2,w
Rio,2,m
Valentina,2,w
River,2,m
Valeria,2,w
Saif,2,m
Vanessa,2,w
Salih,2,m
Vera,2,w
Saud,2,m
Viola,2,w
Selim,2,m
Yael,2,w
Steffen,2,m
Yasmin,2,w
Suleyman,2,m
Yasmina,2,w
Sven,2,m
Yağmur,2,w
Süleyman,2,m
Yen,2,w
Tamme,2,m
Yüsra,2,w
Tan,2,m
Zeyneb,2,w
Tayo,2,m
Zümra,2,w
Thanh,2,m
Ümmü,2,w
Thees,2,m
Thien,2,m
Thierno,2,m
Thies,2,m
Thilo,2,m
Thiên,2,m
Tiberius,2,m
Tien,2,m
Tillmann,2,m
Tuan,2,m
Umut,2,m
Walid,2,m
Wladimir,2,m
Yannick,2,m
Yannis,2,m
Yared,2,m
Yaro,2,m
Yaron,2,m
Yasser,2,m
Yassin,2,m
Yağız,2,m
Yekta,2,m
Younes,2,m
Zakaria,2,m
Abbygale,1,w
Abdulaevna,1,w
Abena,1,w
Abir,1,w
Acelya,1,w
Adar,1,w
Adela,1,w
Adhira,1,w
Adinanova,1,w
Adisa,1,w
Adja,1,w
Adjovi,1,w
Adrienne,1,w
Adrijana,1,w
Adwoa,1,w
Adèle,1,w
Agata,1,w
Aglaia,1,w
Agnès,1,w
Ahinora,1,w
Ai,1,w
Aibekovna,1,w
Aida,1,w
Aignéis,1,w
Ailín,1,w
Aart,1,m
Aino,1,w
Abbas,1,m
Ainoa,1,w
Abdalkarim,1,m
Aischa,1,w
Abdelhamid,1,m
Aissa,1,w
Abdelkader,1,m
Aiyana,1,w
Abdiwasa,1,m
Aizah,1,w
Abdulhadi,1,m
Ajana,1,w
Abdulkadir,1,m
Akiko,1,w
Abdullah,1,m
Alaia,1,w
Abdulmumin,1,m
Alaine,1,w
Abed,1,m
Alayah,1,w
Abedalrahman,1,m
Alberta,1,w
Acher,1,m
Alberte,1,w
Adar,1,m
Aleandra,1,w
Aden,1,m
Alecia,1,w
Adis,1,m
Aleja,1,w
Adjoumani,1,m
Aleksandrova,1,w
Adnan,1,m
Alekseevna,1,w
Adriano,1,m
Aleksieva,1,w
Adrien,1,m
Alenia,1,w
Agbenyo,1,m
Alessya,1,w
Aguibou,1,m
Alexeyeuna,1,w
Aidan,1,m
Alexia,1,w
Aissa,1,m
Alia,1,w
Ajdin,1,m
Aliah,1,w
Akasya,1,m
Alicja,1,w
Akeel,1,m
Alima,1,w
Akif,1,m
Aline,1,w
Aksel,1,m
Alissa,1,w
Aladdin,1,m
Alix,1,w
Alai,1,m
Aliyah,1,w
Alan,1,m
Aliénor,1,w
Aleks,1,m
Aljona,1,w
Aleksandarov,1,m
Almira,1,w
Aleksandrovich,1,m
Alya,1,w
Aleksandrovč,1,m
Alyssa,1,w
Alerio,1,m
Amaia,1,w
Alessandro,1,m
Amalie,1,w
Alexandro,1,m
Amar,1,w
Alexey,1,m
Amatullah,1,w
Alfrèd,1,m
Amaya,1,w
Ali-Kayra,1,m
Ameli,1,w
Alican,1,m
Amina,1,w
Alicio,1,m
Aminah,1,w
Alico,1,m
Amirhanovna,1,w
Alijandro,1,m
Amne,1,w
Alik,1,m
Amra,1,w
Alikberowitsch,1,m
Amália,1,w
Aliumar,1,m
Anabel,1,w
Aljoscha,1,m
Anabella,1,w
Aljosha,1,m
Anays-Nicoleta,1,w
Aljoša,1,m
Anaïs,1,w
Alkader,1,m
Andrejewna,1,w
Alon,1,m
Ane,1,w
Aloys,1,m
Anea,1,w
Alparslan,1,m
Anela,1,w
Alpaslan,1,m
Aneta,1,w
Alperen,1,m
Angel,1,w
Alves,1,m
Angelika,1,w
Alwin,1,m
Angelique,1,w
Aléc,1,m
Angèle,1,w
Amadeus,1,m
Anida,1,w
Amadou,1,m
Anja,1,w
Amari,1,m
Anjali,1,w
Amel,1,m
Ann,1,w
Amias,1,m
Anna-Lena,1,w
Amina,1,m
Anna-Theodora,1,w
Ammar,1,m
Annabel,1,w
Amos,1,m
Annabella,1,w
Amr,1,m
Annalena,1,w
Amza,1,m
Annalia,1,w
Anauá,1,m
Anneken,1,w
Andiasson,1,m
Annelies,1,w
Andok,1,m
Anneliese,1,w
Andor,1,m
Annely,1,w
Andriiovych,1,m
Annica,1,w
Andrìjovič,1,m
Anniko,1,w
Angel,1,m
Anointed,1,w
Anouar,1,m
Anousheh,1,w
Ansahmbom,1,m
Anthia,1,w
Antoine,1,m
Antoni,1,w
Antonius,1,m
Antonie,1,w
Antón,1,m
Antonina,1,w
Anuar,1,m
Anushka,1,w
Aníbal,1,m
Any,1,w
Aous,1,m
Ardiana,1,w
Apikho,1,m
Aren,1,w
Aran,1,m
Aria,1,w
Arden,1,m
Ariane,1,w
Arhan,1,m
Ariette,1,w
Ari,1,m
Arijeta,1,w
Arian,1,m
Arin,1,w
Arin,1,m
Arina,1,w
Aris,1,m
Ariya,1,w
Arlo,1,m
Armaghan,1,w
Armend,1,m
Aroa,1,w
Arnes,1,m
Artemis,1,w
Arniko,1,m
Arya,1,w
Artemi,1,m
Asabea,1,w
Arturo,1,m
Aseb,1,w
Arvid,1,m
Asel,1,w
Asad,1,m
Asenova,1,w
Asaf,1,m
Ashia,1,w
Asan,1,m
Ashley-Cheyenne,1,w
Asare,1,m
Asiya,1,w
Asatovič,1,m
Assaleah,1,w
Assad,1,m
Assinat,1,w
Ataham,1,m
Assiya,1,w
Atari,1,m
Assiye,1,w
Atharva,1,m
Astrid,1,w
Auguste,1,m
Atanasova,1,w
Aurelio,1,m
Atena,1,w
Aurelius,1,m
Athanasia,1,w
Avel,1,m
Audrey,1,w
Avner,1,m
Aurea,1,w
Ayham,1,m
Aury,1,w
Ayodele,1,m
Aurélie,1,w
Bach,1,m
Avis,1,w
Badara,1,m
Ayanda,1,w
Badreldin,1,m
Ayben,1,w
Baer,1,m
Ayda,1,w
Baillo,1,m
Ayla,1,w
Bajrami,1,m
Aylin,1,w
Bakhtiyar,1,m
Aynura,1,w
Baki,1,m
Ayumi,1,w
Balint,1,m
Aziza,1,w
Bangaly,1,m
Azra,1,w
Baptiste,1,m
Azure,1,w
Barami,1,m
Barbara,1,w
Bashir,1,m
Bashir,1,w
Basile,1,m
Basma,1,w
Bawan,1,m
Baya,1,w
Beat,1,m
Beatriz,1,w
Ben-Luis,1,m
Bedriye,1,w
Ben-Tyler,1,m
Behara,1,w
Benchy,1,m
Bela,1,w
Benedict,1,m
Bele,1,w
Benn,1,m
Benhur,1,w
Benoît,1,m
Benita,1,w
Bent,1,m
Benthe,1,w
Bente,1,m
Beren,1,w
Berat,1,m
Beritan,1,w
Berengar,1,m
Berlin,1,w
Bernd,1,m
Bernadett,1,w
Bernhard,1,m
Berra,1,w
Bert,1,m
Betul,1,w
Berşan,1,m
Beyza,1,w
Besnik,1,m
Bianka,1,w
Bewar,1,m
Bilge,1,w
Beyhan,1,m
Birgitt,1,w
Bhushan,1,m
Boakye,1,w
Bijan,1,m
Brehan,1,w
Binyame,1,m
Britney,1,w
Bjarne,1,m
Buse,1,w
Blu,1,m
Bushra,1,w
Bogdan,1,m
Buğlem,1,w
Bolal,1,m
Béatrice,1,w
Bolle,1,m
Büsra,1,w
Braima,1,m
Běrěnice,1,w
Branco,1,m
Bảo,1,w
Bulut,1,m
Bảo-Anh,1,w
Burak,1,m
Caecilia,1,w
Burakcan,1,m
Calistae,1,w
Bá,1,m
Canan,1,w
Bách,1,m
Candy,1,w
Cahid,1,m
Carlota,1,w
Calvin,1,m
Caro,1,w
Camil,1,m
Carolin,1,w
Camilo,1,m
Carolina,1,w
Caner,1,m
Carsten,1,w
Cao,1,m
Cassandra,1,w
Carl-Bennett,1,m
Cassedy,1,w
Carlsson,1,m
Cataleya,1,w
Casimir,1,m
Catalia,1,w
Cassius,1,m
Caterina,1,w
Cayan,1,m
Catharina,1,w
Cayetano,1,m
Catherine,1,w
Cevat,1,m
Cathlyn,1,w
Charles,1,m
Cathrine-Lydia,1,w
Chazz,1,m
Caya-Melina,1,w
Chijioke,1,m
Cecile,1,w
Chizaram,1,m
Ceylin,1,w
Chris,1,m
Chanell,1,w
Chrismario,1,m
Chania,1,w
Christiansson,1,m
Charlene,1,w
Christophe,1,m
Charlotta,1,w
Chu,1,m
Charly,1,w
Chérif,1,m
Chayenna,1,w
Cihan,1,m
Chayenne,1,w
Ciwan,1,m
Cherry,1,w
Clark,1,m
Chi,1,w
Claude,1,m
Chilli,1,w
Clemens,1,m
Chloe,1,w
Clement,1,m
Chloé,1,w
Clyde,1,m
Christa,1,w
Clément,1,m
Christie,1,w
Cody,1,m
Christin,1,w
Collen,1,m
Christine,1,w
Collins,1,m
Christl,1,w
Conan,1,m
Cidra,1,w
Conner,1,m
Cimbom,1,w
Conor,1,m
Clarissa,1,w
Conrad,1,m
Claudia,1,w
Constantijn,1,m
Constança,1,w
Cooper,1,m
Cora,1,w
Cormac,1,m
Cornelia,1,w
Cornelis,1,m
Cosmina,1,w
Cosimo,1,m
Cát,1,w
Cristian,1,m
Dahlia,1,w
Cristiano,1,m
Dajen,1,w
Curtis,1,m
Dalya,1,w
Cy,1,m
Damla,1,w
Cyrin,1,m
Dang,1,w
Célestin,1,m
Danica,1,w
Công,1,m
Danya,1,w
Da-On,1,m
Dao,1,w
Daan,1,m
Dariela,1,w
Dagobert,1,m
Darina,1,w
Dai,1,m
Darleen,1,w
Dam,1,m
Davia,1,w
Damien,1,m
Davina,1,w
Damir,1,m
Dayami,1,w
Damién-Wolfgang,1,m
Deana,1,w
Dani,1,m
Deborah,1,w
Danilo,1,m
Delale,1,w
Dao,1,m
Delbar,1,w
Darius,1,m
Delia,1,w
Dat,1,m
Deneva,1,w
Davar,1,m
Derin,1,w
Davud,1,m
Deui,1,w
Daymian,1,m
Di,1,w
Daymien,1,m
Dimitra,1,w
Deen,1,m
Dinh,1,w
Demetrio,1,m
Diễm,1,w
Demir,1,m
Diệu,1,w
Denisovič,1,m
Djuna,1,w
Derman,1,m
Dmitrìvna,1,w
Dewran,1,m
Dobrinova,1,w
Diangelo,1,m
Dorentina,1,w
Diar,1,m
Dulce,1,w
Dicle,1,m
Duru,1,w
Dieto,1,m
Dylara,1,w
Dijwar,1,m
Dörthe,1,w
Dildeep,1,m
Ebru,1,w
Dilian,1,m
Eda,1,w
Dimas,1,m
Edelinde,1,w
Dimitri,1,m
Edita-Camille,1,w
Dionis,1,m
Edje,1,w
Diyar,1,m
Effi,1,w
Djadi,1,m
Efstratia,1,w
Djamal,1,m
Eileen,1,w
Domenic,1,m
Ekaterina,1,w
Dominik,1,m
Elaf,1,w
Donald,1,m
Elaina,1,w
Doruk,1,m
Elaine,1,w
Dragan,1,m
Elanur,1,w
Durmuş,1,m
Elayna,1,w
Dzhem,1,m
Elea,1,w
Dzhengis,1,m
Eleanor,1,w
Dũng,1,m
Eleanore,1,w
Edin,1,m
Eleen,1,w
Edmund,1,m
Eleni,1,w
Eduardo,1,m
Eleonor,1,w
Edvard,1,m
Eleonora,1,w
Edvin,1,m
Elfida,1,w
Ege,1,m
Elfrieda,1,w
Ehimen,1,m
Elheme,1,w
Ehimwenma,1,m
Elia,1,w
Eibe,1,m
Eliette,1,w
Eike,1,m
Elifsu,1,w
Ejgil,1,m
Elinor,1,w
Ejup,1,m
Eliona,1,w
Elis,1,w
El-Haroun,1,m
Elisabeta,1,w
Elan,1,m
Elizeth,1,w
Elay,1,m
Ellena,1,w
Elayo,1,m
Ellinor,1,w
Elefterios,1,m
Ellis,1,w
Elia,1,m
Elmedina,1,w
Elias-Jóel,1,m
Elmina,1,w
Elijon,1,m
Elmira,1,w
Elio,1,m
Eloisa,1,w
Eliot,1,m
Elona,1,w
Ellis,1,m
Elora,1,w
Elmedin,1,m
Elva,1,w
Elmer,1,m
Elvan,1,w
Elouan,1,m
Elvera,1,w
Eloï,1,m
Elyn,1,w
Elrik,1,m
Elyza,1,w
Elvar,1,m
Emanuela,1,w
Elwood,1,m
Emeli,1,w
Elyar,1,m
Emi,1,w
Emil-Dennis,1,m
Emy,1,w
Emile,1,m
Enid,1,w
Emilias,1,m
Enissa,1,w
Emilijan,1,m
Enna,1,w
Emilijo,1,m
Ennabelle,1,w
Emiljan,1,m
Enni,1,w
Emilov,1,m
Enny,1,w
Emircan,1,m
Era,1,w
Emirhan,1,m
Erica,1,w
Emmanuel,1,m
Erin,1,w
Emylson,1,m
Ersilie,1,w
Enes,1,m
Esin,1,w
Enio,1,m
Eslem,1,w
Enlogio,1,m
Esma,1,w
Ennio,1,m
Esmanur,1,w
Enosh,1,m
Esme,1,w
Enrico,1,m
Esraa,1,w
Enyo,1,m
Estela,1,w
Erasmus,1,m
Esther,1,w
Erdem,1,m
Eugenie,1,w
Erdi,1,m
Eunice,1,w
Erdoğan,1,m
Europa,1,w
Erich,1,m
Eva-Lynn,1,w
Ersan,1,m
Eve-Emily,1,w
Ertugrul,1,m
Evelin,1,w
Eskil,1,m
Evelina,1,w
Esteban,1,m
Evin,1,w
Etienne,1,m
Eylül,1,w
Eugène,1,m
Ezra,1,w
Eulogio,1,m
Fanny,1,w
Evans,1,m
Fanou,1,w
Ewin,1,m
Fatoma,1,w
Eytan,1,m
Fatoş,1,w
Eyyüb,1,m
Fauna,1,w
Ezel,1,m
Faustyna,1,w
Ezra,1,m
Fee,1,w
Fabio,1,m
Feenja,1,w
Fardeen,1,m
Felice,1,w
Fares,1,m
Felicia,1,w
Farin,1,m
Felipa,1,w
Faroq,1,m
Fenja,1,w
Faruk,1,m
Ferika,1,w
Fatih,1,m
Feyza,1,w
Fedor,1,m
Fiene,1,w
Fenix,1,m
Fikreta,1,w
Fenno,1,m
Filicia,1,w
Feranando,1,m
Filipova,1,w
Ferdi,1,m
Filli,1,w
Fergus,1,m
Fine,1,w
Ferman,1,m
Fleur,1,w
Ferris,1,m
Flor,1,w
Fidelius,1,m
Florence,1,w
Filip,1,m
Franceska,1,w
Filippo,1,m
Francisca,1,w
Fin,1,m
Fraya,1,w
Finjas,1,m
Frederike,1,w
Finlay,1,m
Freya-Victoria,1,w
Finley,1,m
Freyja-Ansa,1,w
Finn-Lennox,1,m
Fryda,1,w
Finn-Tobias,1,m
Gabriella-Owina,1,w
Finnjock,1,m
Gabrielle,1,w
Fips,1,m
Gala,1,w
Firat,1,m
Gamze,1,w
Fırat,1,m
Gena,1,w
Fitsum,1,m
Genoveva,1,w
Fjodor,1,m
Georgiana,1,w
Fjäll,1,m
Gerda,1,w
Floid,1,m
Gerdi,1,w
Floki,1,m
Gerti,1,w
Florens,1,m
Gesche,1,w
Florentin,1,m
Gina,1,w
Flori,1,m
Giulia,1,w
Florimon,1,m
Gizem,1,w
Floyd,1,m
Gloria,1,w
Flynn,1,m
Goodness,1,w
Forutan,1,m
Goodwin,1,w
Fotio,1,m
Gori,1,w
Franek,1,m
Gréta,1,w
Fredegard,1,m
Guinevere,1,w
Frederico,1,m
Gulistan,1,w
Fridjoff,1,m
Guste,1,w
Friedemann,1,m
Gyunerova,1,w
Friso,1,m
Ha,1,w
Fränki,1,m
Hacer,1,w
Frédéric,1,m
Hailey,1,w
Fuanyi,1,m
Hailie,1,w
Fussing,1,m
Halah,1,w
Fynn-Luca,1,m
Han,1,w
Félix,1,m
Hanife,1,w
Gabriel-Max,1,m
Hanka,1,w
Gavril-Yascha,1,m
Hannah-Elise,1,w
Gebriel,1,m
Hanni,1,w
Gennady,1,m
Harshini,1,w
George,1,m
Hatidza,1,w
Georges,1,m
Hatixhe,1,w
Gero,1,m
Hatun,1,w
Gharbi,1,m
Havy,1,w
Gilbert,1,m
Hawin,1,w
Gino,1,m
Haylee,1,w
Giocondo,1,m
Hayley,1,w
Giovanni,1,m
Hazel,1,w
Giuseppe,1,m
Healy-Sophie,1,w
Glen,1,m
Hedwig,1,w
Glenn,1,m
Helmine,1,w
Gray,1,m
Helmy,1,w
Guillaume,1,m
Henni,1,w
Gustave,1,m
Henny,1,w
Gyunayov,1,m
Henrike,1,w
Görkem,1,m
Hertha,1,w
Günter,1,m
Hiam,1,w
Günther,1,m
Hilde,1,w
Güven,1,m
Hildegard,1,w
Hadar,1,m
Hildi,1,w
Haddou,1,m
Himea,1,w
Hadi,1,m
Hoai,1,w
Hagen,1,m
Hope,1,w
Haika,1,m
Hoài,1,w
Hakî,1,m
Hoàng,1,w
Hamallah,1,m
Hristova,1,w
Hamsi,1,m
Huda,1,w
Hamza-Can,1,m
Husna,1,w
Hanad,1,m
Huyền,1,w
Hanifi,1,m
Hàmy,1,w
Hannibal,1,m
Hân,1,w
Harouna,1,m
Héloïse,1,w
Harris,1,m
Hélène,1,w
Hauke,1,m
Hồng,1,w
Hayato,1,m
Iben,1,w
Haydar,1,m
Ibie,1,w
Hayder,1,m
Ifeoma,1,w
Hayo,1,m
Iglika,1,w
Heijo,1,m
Ihle,1,w
Hektor,1,m
Ilaya,1,w
Henryk,1,m
Ilekhue,1,w
Herbert,1,m
Ilien,1,w
Hermon,1,m
Ilsa,1,w
Herwig,1,m
Ilse,1,w
Hevyar,1,m
Ilva,1,w
Hizir,1,m
Ilvie,1,w
Ho,1,m
Iman-Nur,1,w
Holger,1,m
Inanna,1,w
Hopkins,1,m
Inas,1,w
Hossam,1,m
India,1,w
Hoàng,1,m
Indigo,1,w
Hristo,1,m
Inela,1,w
Hristov,1,m
Ingelore,1,w
Hubertus,1,m
Ingke,1,w
Hung,1,m
Inna,1,w
Hussam,1,m
Ira,1,w
Hà,1,m
Irantzu,1,w
Héctor,1,m
Irati,1,w
Hüsein,1,m
Irena,1,w
Hüsrev,1,m
Irmgard,1,w
Hải,1,m
Isa,1,w
Hữu-Phước,1,m
Islam,1,w
Ibryam,1,m
Isna,1,w
Idir,1,m
Iurievna,1,w
Iean-Chaim,1,m
Ivetka,1,w
Igorevič,1,m
Iyali,1,w
Ilai,1,m
Işıl,1,w
Ilan,1,m
Jaani,1,w
Ilay,1,m
Jade,1,w
Ilin,1,m
Jaime,1,w
Iliya,1,m
Jalia,1,w
Ilker,1,m
Jamila,1,w
Ilkov,1,m
Jamila-Ayasha,1,w
Ilmari,1,m
Janat,1,w
Ilo,1,m
Jane,1,w
İlyas,1,m
Janin,1,w
Ilyaz,1,m
Janne,1,w
Immanuel,1,m
Jannika,1,w
Imtiaz,1,m
Janny,1,w
İnan,1,m
Jasmijn,1,w
Inghani,1,m
Jasmina,1,w
Ionuţ,1,m
Jayleen,1,w
Iori,1,m
Jean,1,w
Iosua,1,m
Jeannie,1,w
Ira,1,m
Jekaterina,1,w
Irfan,1,m
Jelica,1,w
Iron,1,m
Jenna,1,w
Irshad,1,m
Jessie,1,w
Isaac,1,m
Jil,1,w
Isak,1,m
Jill,1,w
Ismael,1,m
Jingyi,1,w
Ismaël,1,m
Jiyan,1,w
Israfil,1,m
Jo,1,w
Istvan,1,m
Joanna,1,w
Ivan,1,m
Joanne,1,w
Ivanouw,1,m
Joeline,1,w
Iveel,1,m
Joelle,1,w
Ivo,1,m
Jolan,1,w
Ivri,1,m
Jonica,1,w
Iyobor,1,m
Jorun,1,w
Jaafar,1,m
Josefa,1,w
Jabal,1,m
Josefin,1,w
Jacklyn,1,m
Josefina,1,w
Jackson,1,m
Josephina,1,w
Jacomo,1,m
Jovana,1,w
Jagar,1,m
Joänna,1,w
Jakobus,1,m
Judith,1,w
Jakomon,1,m
Juka,1,w
Jakub,1,m
Jula,1,w
Jamain,1,m
Juli,1,w
Jamil,1,m
Juliana,1,w
Janis,1,m
Juliett,1,w
Jann,1,m
Juline,1,w
Jannek,1,m
Julius,1,w
Jannick,1,m
July,1,w
Janus,1,m
Jumalanna,1,w
Janusz,1,m
Juniper,1,w
Jarik,1,m
Jurry,1,w
Jarle,1,m
Justine,1,w
Jarne,1,m
Jutta,1,w
Jaro,1,m
Kadija,1,w
Jaroslav,1,m
Kaja,1,w
Jarosław,1,m
Kalina,1,w
Jascha,1,m
Karlie,1,w
Jasin,1,m
Karolina,1,w
Jason-Danilo,1,m
Karya,1,w
Jason-Jeremy,1,m
Kassandra,1,w
Jassin,1,m
Katalin,1,w
Javis,1,m
Katarina,1,w
Jay,1,m
Katelyn,1,w
Jaymian,1,m
Katerina,1,w
Jenavo,1,m
Kathrin,1,w
Jerome,1,m
Katie,1,w
Jerôme,1,m
Katinka,1,w
Jesper,1,m
Katrina,1,w
Jesse,1,m
Katty,1,w
Jian,1,m
Kausar,1,w
Jimi,1,m
Kavya,1,w
Jingle,1,m
Keela,1,w
Jiradech,1,m
Kelly,1,w
Jiri,1,m
Kemle,1,w
Jiyan,1,m
Kendra,1,w
Joachim,1,m
Keren,1,w
Joan,1,m
Kerstin,1,w
Joann,1,m
Khadijah,1,w
Joe,1,m
Khalida,1,w
John-Henrik,1,m
Khanifa,1,w
John-Luka,1,m
Khatangoo,1,w
John-Peer,1,m
Kheira,1,w
Jon,1,m
Khánh,1,w
Jonathan-Levian,1,m
Killari,1,w
Jonne,1,m
Kimberly,1,w
Joona,1,m
Kimmy,1,w
Joos,1,m
Kira,1,w
Jordy,1,m
Kirsten,1,w
Jorge,1,m
Kiều,1,w
Jorick,1,m
Klarissa,1,w
Joseph,1,m
Klementina,1,w
Josh,1,m
Kong,1,w
Joshi,1,m
Kordula,1,w
Josias,1,m
Kristin,1,w
Josif,1,m
Ksenia,1,w
Joso,1,m
Kumi,1,w
Joss,1,m
Käthe,1,w
Jost,1,m
Lael,1,w
Jovan,1,m
Lahja,1,w
João,1,m
Laila,1,w
Juan,1,m
Laleh,1,w
Juaquim,1,m
Lamaan,1,w
Juba,1,m
Lamar,1,w
Jude,1,m
Lan,1,w
Juho,1,m
Lanika,1,w
Julen,1,m
Lany,1,w
Jumá,1,m
Larimar,1,w
Junis,1,m
Larisa,1,w
Juozas,1,m
Laura-Sophie,1,w
Jurij,1,m
Laurin,1,w
Jusef,1,m
Lavin,1,w
Jussi,1,m
Lawa,1,w
Juval,1,m
Layla-Jolie,1,w
Jürgen,1,m
Leana,1,w
Kaami,1,m
Leandra,1,w
Kacper,1,m
Lee-Ann,1,w
Kadir,1,m
Leen,1,w
Kaito,1,m
Lele,1,w
Kalil,1,m
Leni-Sophie,1,w
Kalim,1,m
Lenia,1,w
Karar,1,m
Leniya,1,w
Kareem,1,m
Lenya,1,w
Karl-Schlomo,1,m
Leoni,1,w
Karlo,1,m
Leonie-Emilia,1,w
Karlsson,1,m
Leonnie,1,w
Kartal,1,m
Leopoldina,1,w
Kasim,1,m
Letizia,1,w
Kawa,1,m
Levia,1,w
Kaya,1,m
Lexa,1,w
Kayra,1,m
Leyan,1,w
Keke,1,m
Leïla,1,w
Keleș,1,m
Liana,1,w
Kelian,1,m
Libeth,1,w
Kelvin,1,m
Lidia,1,w
Kemalov,1,m
Lien,1,w
Ken,1,m
Liesbeth,1,w
Kenan,1,m
Liin,1,w
Kendrick,1,m
Lika,1,w
Kenny-Steven,1,m
Lile,1,w
Kenzo,1,m
Lilea,1,w
Keoni,1,m
Lilia,1,w
Kerim,1,m
Liliam,1,w
Khalid,1,m
Lilla,1,w
Khan,1,m
Lillian,1,w
Khoder,1,m
Lillienne,1,w
Khoi,1,m
Lilly-Fienne,1,w
Khải,1,m
Lilly-Rose,1,w
Kiano,1,m
Lilly-Sophie,1,w
Kibo,1,m
Lima,1,w
Kiljan,1,m
Limar,1,w
Kim,1,m
Lindsay,1,w
Kimani,1,m
Linna,1,w
Kimon,1,m
Linnie,1,w
Kingston,1,m
Linnéa,1,w
Kiran,1,m
Linâ,1,w
Kirk,1,m
Liorah,1,w
Kito,1,m
Litha,1,w
Kiyan,1,m
Livija,1,w
Kiêt,1,m
Loise,1,w
Klaus,1,m
Lola,1,w
Knyaz,1,m
Lonie,1,w
Koa,1,m
Lora,1,w
Kobby,1,m
Loreana,1,w
Kobe,1,m
Loredana,1,w
Kochov,1,m
Loretta,1,w
Kofi,1,m
Lori,1,w
Krabat,1,m
Lorin,1,w
Kurta,1,m
Loucie,1,w
Kusumoto,1,m
Lourdes,1,w
Kyle,1,m
Lovis,1,w
Kôi,1,m
Lovisa,1,w
Laith,1,m
Lovrena,1,w
Lam,1,m
Luciana,1,w
Laurens,1,m
Lucinda,1,w
Laurenz,1,m
Lucja,1,w
Lauri,1,m
Lucrecia,1,w
Lauritz,1,m
Lucya,1,w
Lav,1,m
Lucyla,1,w
Leandro,1,m
Lucía,1,w
Lemmy,1,m
Lulu,1,w
Len,1,m
Lunetta,1,w
Lenn,1,m
Lupe,1,w
Lennart,1,m
Lykke,1,w
Lenni,1,m
Lynh,1,w
Lennox-Sebastian,1,m
Lysann,1,w
Lenny,1,m
Léliah-Medina,1,w
Lenz,1,m
Léontine,1,w
Leon-Alexander,1,m
Maasa,1,w
Leonard-Jakob,1,m
Madelaine,1,w
Leonid,1,m
Madita,1,w
Leonit,1,m
Maeva,1,w
Leopold-Arwed,1,m
Mafalda,1,w
Leopold-Levin,1,m
Magali,1,w
Levi-Noel,1,m
Magda,1,w
Levy,1,m
Maggy-Jane,1,w
Leyth,1,m
Maia,1,w
León,1,m
Maianh,1,w
Liborius,1,m
Maika,1,w
Lief,1,m
Maike,1,w
Lijan,1,m
Maileen,1,w
Lijon,1,m
Maimuna,1,w
Lilas,1,m
Maira,1,w
Liliyanov,1,m
Maite,1,w
Linas,1,m
Majda,1,w
Linh,1,m
Malachai-Hena,1,w
Lino,1,m
Malak,1,w
Linus-Gino,1,m
Male,1,w
Lion,1,m
Malea,1,w
Lionel,1,m
Malena,1,w
Liridon,1,m
Mali,1,w
Liutauras,1,m
Malva,1,w
Lois,1,m
Malée,1,w
Loki,1,m
Mandy,1,w
Loran,1,m
Manika,1,w
Lorian,1,m
Mara-Aziza,1,w
Lorién,1,m
Mara-Lia,1,w
Louie,1,m
Mare,1,w
Louis-Pascal,1,m
Margaretha,1,w
Louis-Ron,1,m
Margo,1,w
Lounes,1,m
Margot,1,w
Lovell,1,m
Maria-Sanae,1,w
Luc,1,m
Mariama,1,w
Lucas-Cheik,1,m
Marie-Louise,1,w
Ludger,1,m
Marie-Luise,1,w
Ludovico,1,m
Mariefee,1,w
Lui,1,m
Marieke,1,w
Luiz,1,m
Marifé,1,w
Luk,1,m
Marija,1,w
Lunas,1,m
Marika,1,w
Luuk,1,m
Marina,1,w
Luís,1,m
Marinova,1,w
Lysander,1,m
Marjama,1,w
László,1,m
Marjorie,1,w
Léandre,1,m
Marlia,1,w
Lê,1,m
Marlies,1,w
Lưu,1,m
Marlit,1,w
Maahirou,1,m
Marlou,1,w
Maamoun,1,m
Marlène,1,w
Madad,1,m
Marthe,1,w
Mahdi,1,m
Marvi,1,w
Mahir,1,m
Masa,1,w
Mahlael,1,m
Mateja,1,w
Mahmud,1,m
Mathea,1,w
Maiar,1,m
Matti,1,w
Mailo,1,m
Mauricette,1,w
Majdi,1,m
Mavi,1,w
Maksymilian,1,m
Maxi,1,w
Maleek,1,m
Maxie,1,w
Malek,1,m
Maximiliane,1,w
Malu,1,m
Mbunya,1,w
Mamadou,1,m
Meara,1,w
Manu,1,m
Mechthild,1,w
Marcel,1,m
Meera,1,w
Marco,1,m
Mefang,1,w
Marcu,1,m
Mehmedova,1,w
Marcus,1,m
Meili,1,w
Mare,1,m
Melanie,1,w
Marijn,1,m
Melia,1,w
Marinello,1,m
Melina-Josephine,1,w
Mario,1,m
Melinda,1,w
Maris,1,m
Melis,1,w
Marjan,1,m
Melitta,1,w
Mark,1,m
Melly,1,w
Marley,1,m
Melody,1,w
Marlow,1,m
Menucha,1,w
Marsel,1,m
Meo,1,w
Marwan,1,m
Merrit,1,w
Masato,1,m
Merry,1,w
Maslax,1,m
Mey,1,w
Mason-Achmed,1,m
Mi,1,w
Massamba,1,m
Mia-Amelie,1,w
Massimo,1,m
Mia-Luna,1,w
Matej,1,m
Mia-Sophie,1,w
Matija,1,m
Miangaly,1,w
Mattes,1,m
Michaela,1,w
Matthew,1,m
Michelle-Elise,1,w
Matthieu,1,m
Midoli,1,w
Mauritz,1,m
Miglena,1,w
Mauro,1,m
Miguelina,1,w
"Max,",1,m
Mija,1,w
Max-Luca,1,m
Mikkeline,1,w
Maxi,1,m
Miley,1,w
Maxime,1,m
Milli,1,w
Maximus,1,m
Millie,1,w
Maxymilian,1,m
Milou,1,w
Mazen,1,m
Milu,1,w
Mees,1,m
Minahil,1,w
Mehmethan,1,m
Mine,1,w
Meiky,1,m
Minela,1,w
Meir,1,m
Minke,1,w
Melketsadiq,1,m
Minoo,1,w
Melvin,1,m
Mira-Beatrix,1,w
Merdan-Alim,1,m
Mira-Lara,1,w
Merdin,1,m
Miray-Sultan,1,w
Mete,1,m
Mircheva,1,w
Mhammad,1,m
Mirja,1,w
Mian,1,m
Mirjam,1,w
Michail,1,m
Mirjana,1,w
Michele,1,m
Misheel,1,w
Mierke,1,m
Mitkova,1,w
Mihail,1,m
Mizgin,1,w
Mihir,1,m
Mona,1,w
Mikayil,1,m
Monique,1,w
Mikke,1,m
More,1,w
Milian,1,m
Mouna,1,w
Milon,1,m
Muragl,1,w
Milorad,1,m
Musyoka,1,w
Milos,1,m
Mya,1,w
Milosz,1,m
Myna,1,w
Milow,1,m
Myrtha,1,w
Miral,1,m
Mühibe,1,w
Mirko,1,m
Münevver,1,w
Miró,1,m
Mădălina,1,w
Mischa,1,m
Mộc,1,w
Mito,1,m
Mỹ,1,w
Mitya,1,m
Nada,1,w
Mo,1,m
Nadia,1,w
Mohamed-Ali,1,m
Nadina,1,w
Momo,1,m
Nadja,1,w
Monty,1,m
Naida,1,w
Mortaza,1,m
Naily,1,w
Morten,1,m
Nalia,1,w
Moses,1,m
Naomi,1,w
Moumouni,1,m
Nariman,1,w
Mounir,1,m
Narin,1,w
Mraz,1,m
Narjes,1,w
Muadh,1,m
Nascha,1,w
Mucin,1,m
Nasha,1,w
Muhammet,1,m
Natali,1,w
Muharrem,1,m
Nataliova,1,w
Muhittin,1,m
Nathalie,1,w
Muneeb,1,m
Nauka,1,w
Muzo,1,m
Nayeli,1,w
Mylo,1,m
Nazdar,1,w
Mylo-Thiago,1,m
Necla,1,w
Myo,1,m
Neele,1,w
Myroslav,1,m
Nehir,1,w
Mālik,1,m
Nele-Luisa,1,w
Mădălln,1,m
Nellie,1,w
Mạnh,1,m
Neomi,1,w
Naby,1,m
Nesil,1,w
Nachikamdi,1,m
Netalie,1,w
Naco,1,m
Neva,1,w
Nader,1,m
Nevia,1,w
Nahele,1,m
Neyla,1,w
Nahil,1,m
Ngân,1,w
Naim,1,m
Ngô,1,w
Nante,1,m
Nhien,1,w
Nariman,1,m
Nhyira,1,w
Narvik,1,m
Nia,1,w
Nasif,1,m
Niaesch,1,w
Nassim,1,m
Nieke,1,w
Natan,1,m
Nienke,1,w
Nathanael,1,m
Nikita,1,w
Naudar,1,m
Nil,1,w
Naween,1,m
Nilda,1,w
Naydenov,1,m
Nilma,1,w
Nayel,1,m
Nimué,1,w
Nazir,1,m
Ninjin,1,w
Ndombasi,1,m
Nino,1,w
Neal,1,m
Niovi,1,w
Necatdin,1,m
Noella,1,w
Nedergaard,1,m
Nola,1,w
Nelio,1,m
Noomi,1,w
Nelis,1,m
Noora,1,w
Nero,1,m
Nosin,1,w
Nesta,1,m
Nouhad,1,w
Ngoc,1,m
Noura,1,w
Ngọc,1,m
Noémia,1,w
Nhất,1,m
Nzula,1,w
Niam,1,m
Octavia,1,w
Nicolai,1,m
Odilia,1,w
Nicolò,1,m
Oduwa,1,w
Nidal,1,m
Ok,1,w
Nikaya,1,m
Olga,1,w
Niki,1,m
Omulbenin,1,w
Nikitas,1,m
Ophelia,1,w
Nikitič,1,m
Orowo,1,w
Niko-Rafael,1,m
Osayamen,1,w
Nikolaj,1,m
Ottilie,1,w
Nikolas,1,m
Oyun,1,w
Nikolaus,1,m
Palina,1,w
Nikolayevič,1,m
Pari,1,w
Nil,1,m
Pascale,1,w
Nilas,1,m
Pasipanodya,1,w
Nima,1,m
Patrizia,1,w
Nisham,1,m
Pebbles,1,w
Niti,1,m
Pelenda,1,w
Niuniek,1,m
Penelope,1,w
Nkuibo,1,m
Penny,1,w
Noan,1,m
Pepa,1,w
Nobu,1,m
Pepper,1,w
Noctis,1,m
Peri,1,w
Nodari,1,m
Phan,1,w
Nono,1,m
Phelina,1,w
Norbu,1,m
Pheline,1,w
Norman,1,m
Philippa,1,w
Norwin,1,m
Piper,1,w
Nouh,1,m
Polina,1,w
Nova,1,m
Quynh,1,w
Noyan,1,m
Rabija,1,w
Nu,1,m
Rachel,1,w
Nurallah,1,m
Rafaela,1,w
Nyma,1,m
Raffaela,1,w
Obaida,1,m
Ragad,1,w
Obayda,1,m
Raghad,1,w
Ochuko,1,m
Ragneda,1,w
Odai,1,m
Raha,1,w
Oday,1,m
Rahyl,1,w
Olaf,1,m
Rajan,1,w
Olegovič,1,m
Ramiza,1,w
Olendo,1,m
Rataj,1,w
Olias,1,m
Raven,1,w
Olivier,1,m
Rebeka,1,w
Ollin,1,m
Rebekka,1,w
Omid,1,m
Reem,1,w
Omkara,1,m
Regina,1,w
Orfeas,1,m
Regine,1,w
Orhun,1,m
Renate,1,w
Orkun,1,m
Renja,1,w
Ory,1,m
Ria,1,w
Osahenrumwen,1,m
Rika,1,w
Osinachi,1,m
Riksie,1,w
Oswin,1,m
Ritaj,1,w
Ouzounian,1,m
River,1,w
Ozan,1,m
Roberta,1,w
Oğur,1,m
Robyn,1,w
Oğuzkaan,1,m
Rocket,1,w
Pante,1,m
Roja,1,w
Paris,1,m
Rojin,1,w
Pasquale,1,m
Rolina,1,w
Patrice,1,m
Romanowna,1,w
Pau,1,m
Romi,1,w
Paul-Gustav,1,m
Ronahi,1,w
Paule,1,m
Ronda,1,w
Pauli,1,m
Rondek,1,w
Paulo,1,m
Roos,1,w
Pedro,1,m
Rosa-Lore,1,w
Pemarathna,1,m
Rosalia,1,w
Peres,1,m
Rosario,1,w
Perez,1,m
Rose-Anne,1,w
Petruț,1,m
Roudiena,1,w
Phan,1,m
Rousha,1,w
Phat,1,m
Roxane,1,w
Phelan,1,m
Royalty,1,w
Phi,1,m
Rozerîn,1,w
Phidias,1,m
Rubina,1,w
Phileas,1,m
Rukiye,1,w
Philippe,1,m
Runa,1,w
Phillip-Đức,1,m
Rósza,1,w
Phillipp,1,m
Rüya,1,w
Phú,1,m
Sa,1,w
Phúc,1,m
Sabiha,1,w
Phạm,1,m
Sabine,1,w
Pieter,1,m
Safia,1,w
Pietje,1,m
Saja,1,w
Pino,1,m
Salami,1,w
Pio,1,m
Sali,1,w
Piotr,1,m
Salima,1,w
Pip,1,m
Salmah,1,w
Pit,1,m
Salome,1,w
Plamen,1,m
Sama,1,w
Polat,1,m
Samia,1,w
Prahit,1,m
San,1,w
Prana,1,m
Sandra,1,w
Presley,1,m
Sandrine,1,w
Péniel,1,m
Sanisa,1,w
Quan,1,m
Santaine,1,w
Quang-David,1,m
Santamaria,1,w
Quinn,1,m
Saphira,1,w
Quint,1,m
Sappho,1,w
Quinto,1,m
Sarafina,1,w
Quoc,1,m
Sarai,1,w
Qusay,1,m
Sare,1,w
Quân,1,m
Sasha-Eleni,1,w
Raban,1,m
Scheimaa,1,w
Ragab,1,m
Schifae,1,w
Ralf,1,m
Schippers,1,w
Ramiz,1,m
Sebila,1,w
Raof,1,m
Sefora,1,w
Raoul,1,m
Selin,1,w
Raul,1,m
Selíni,1,w
Ravi,1,m
Senang,1,w
Rayen,1,m
Senta,1,w
Rayko,1,m
Sephina,1,w
Raymond,1,m
Sequoia,1,w
Rebin,1,m
Setsuko,1,w
Recep,1,m
Sevgi,1,w
Reda,1,m
Sevim,1,w
Reid,1,m
Shahi,1,w
Reinhard,1,m
Shaimáa,1,w
Reinhold,1,m
Shanying,1,w
Remi,1,m
Shari,1,w
Ren,1,m
Sharlene,1,w
Renato,1,m
Sherin,1,w
Rene,1,m
Shidaa,1,w
Revdi,1,m
Shirkhan,1,w
Reyad,1,m
Shizuko,1,w
Riano,1,m
Sibel,1,w
Ricky,1,m
Sidona,1,w
Riel,1,m
Sigrid,1,w
Rihaan,1,m
Silvija,1,w
Riô,1,m
Sima,1,w
Roki,1,m
Simay,1,w
Roland,1,m
Simone,1,w
Rolf,1,m
Sinanova,1,w
Romeo,1,m
Sinem,1,w
Rong,1,m
Sira,1,w
Roni,1,m
Siri,1,w
Ronnie,1,m
Sisilija,1,w
Rooney,1,m
Sissi,1,w
Roque,1,m
Sisu,1,w
Roy,1,m
Sixtine,1,w
Ru,1,m
Skylah,1,w
Ruban,1,m
Sladjana,1,w
Ruben,1,m
Smilla-Lisbeth,1,w
Rubén,1,m
Snezhana,1,w
Rudolf,1,m
Sofija,1,w
Ruma,1,m
Sofiyat,1,w
Rumen,1,m
Sol,1,w
Runny,1,m
Solay,1,w
Rüdiger,1,m
Sole,1,w
Rüzgar,1,m
Soley,1,w
Safwat,1,m
Solveig,1,w
Sahar,1,m
Solîn,1,w
Salah,1,m
Sonia,1,w
Sam-Patrick,1,m
Soniya,1,w
Samba,1,m
Sonja,1,w
Samed,1,m
Sonora,1,w
Samih,1,m
Sophie-Isabell,1,w
Samir,1,m
Sora,1,w
Samson,1,m
Sousan,1,w
Samuel-Noël,1,m
Soé,1,w
San,1,m
Stacey,1,w
Sanbe,1,m
Stara,1,w
Sanchit,1,m
Stina,1,w
Santiago,1,m
Stine,1,w
Santino,1,m
Suad,1,w
Sasho,1,m
Sualina,1,w
Sasiwad,1,m
Suez,1,w
Sava,1,m
Suki,1,w
Sayed,1,m
Sumaiya,1,w
Schemus,1,m
Sumaya,1,w
Sedat,1,m
Sumi,1,w
Selahattin,1,m
Summer,1,w
Semir,1,m
Suna,1,w
Sepp,1,m
Sura,1,w
Serghejs,1,m
Suriani,1,w
Serkan,1,m
Susann,1,w
Servan,1,m
Suzan,1,w
Sevdzhihanov,1,m
Svea,1,w
Severin,1,m
Sybilla,1,w
Sevginer,1,m
Sybille,1,w
Seydi,1,m
Sylla,1,w
Seydou,1,m
Syna,1,w
Seyed,1,m
Syriel,1,w
Shadab,1,m
Tabitha,1,w
Shadi,1,m
Tadea,1,w
Shahid,1,m
Tahira,1,w
Shane,1,m
Talitha,1,w
Sharif,1,m
Tamia,1,w
Shenyue,1,m
Tamina,1,w
Sheraz,1,m
Tammy,1,w
Shero,1,m
Tanit,1,w
Shine,1,m
Tara-Mae,1,w
Shogo,1,m
Taylor,1,w
Shoma,1,m
Taymiyyah,1,w
Shuji,1,m
Teres,1,w
Sian,1,m
Teresa,1,w
Siddhartha,1,m
Thanh,1,w
Sidney,1,m
Thaonhi,1,w
Sigieri,1,m
Thelka,1,w
Sigor,1,m
Theodora,1,w
Silas,1,m
Theodora-Sophie,1,w
Silvester,1,m
Thoraya,1,w
Simos,1,m
Thuy,1,w
Sinan,1,m
Thùy,1,w
Sırad,1,m
Tilda-Lou,1,w
Siraç,1,m
Tilia,1,w
Siwan,1,m
Tilla,1,w
Sixtus,1,m
Tin-Hinen,1,w
Skallagrim,1,m
Tinka,1,w
Sky,1,m
Tiwatope,1,w
Smail,1,m
Tomris,1,w
Sobhi,1,m
Toulin,1,w
Solomon,1,m
Towa,1,w
Sonny,1,m
Tram,1,w
Soroush,1,m
Tricia,1,w
Soulfikar,1,m
Trà,1,w
Ssenyonjo,1,m
Trâm,1,w
Stanisław,1,m
Trúc,1,w
Stankovici,1,m
Trần,1,w
Stanley,1,m
Tue,1,w
Staykov,1,m
Tuong,1,w
Stefankov,1,m
Tuğce,1,w
Steven,1,m
Tília,1,w
Stewart,1,m
Tường,1,w
Stian,1,m
Ugen,1,w
Stipe,1,m
Uljana,1,w
Suarez,1,m
Uma,1,w
Sullyvan,1,m
Uruk,1,w
Sulyman,1,m
Vaitea,1,w
Swen,1,m
Valerija,1,w
Sydney,1,m
Valeryevna,1,w
Sándor,1,m
Valeska,1,w
Sâm,1,m
Valérie,1,w
Sören,1,m
Vanesa,1,w
Sĩ,1,m
Varvara,1,w
Taapke,1,m
Vathke,1,w
Taavi,1,m
Veda,1,w
Taddeo,1,m
Vega,1,w
Tadeusz,1,m
Venus,1,w
Taeyoon,1,m
Veronika,1,w
Talis,1,m
Vetfan,1,w
Tamas,1,m
Veza,1,w
Tamilo,1,m
Victoires,1,w
Tamino,1,m
Vida,1,w
Tammo,1,m
Vidya,1,w
Tanev,1,m
Viknora,1,w
Tanke,1,m
Viktorovna,1,w
Tapio,1,m
Vili,1,w
Tarık,1,m
Vine,1,w
Tarun,1,m
Violeta,1,w
Tassilo,1,m
Violetta,1,w
Tatu,1,m
Violette,1,w
Tayfun,1,m
Vivi,1,w
Taylan,1,m
Vivien,1,w
Taylor,1,m
Viyan,1,w
Taylor-Jerome,1,m
Vy-Julia,1,w
Taym,1,m
Vân,1,w
Telmo,1,m
Waltraud,1,w
Tem,1,m
Wednesday,1,w
Temidayo,1,m
Weike,1,w
Tervel,1,m
Wiktoria,1,w
Teun,1,m
Willie,1,w
Tewelde,1,m
Winja,1,w
Teym,1,m
Wolke,1,w
Theobald,1,m
Xenia,1,w
Theodor-Maximilian,1,m
Xia,1,w
Thiago,1,m
Yanai,1,w
Thieu,1,m
Yanti,1,w
Thiện,1,m
Yanxi,1,w
Thomi,1,m
Yaprak,1,w
Thomy,1,m
Yare,1,w
Thor,1,m
Yaz,1,w
Thoran,1,m
Yelda,1,w
Thrower,1,m
Yella,1,w
Thure,1,m
Yeter,1,w
Thé,1,m
Yfke,1,w
Théodor,1,m
Yian-Zhu,1,w
Thế,1,m
Ylva,1,w
Tian,1,m
Yoko,1,w
Tilman,1,m
Yona,1,w
Timofei,1,m
Yumeko,1,w
Timur,1,m
Yumi,1,w
Tino,1,m
Yvonne,1,w
Tiyan,1,m
Zaha,1,w
Tiến,1,m
Zahide,1,w
Tjarven,1,m
Zahraa,1,w
Tobiloba,1,m
Zainab,1,w
Toby,1,m
Zandra,1,w
Todorov,1,m
Zarina,1,w
Toivo,1,m
Zawadi,1,w
Tomas,1,m
Zeinab,1,w
Tomchev,1,m
Zejneb,1,w
Tommes,1,m
Zekra,1,w
Tomov,1,m
Zema,1,w
Tomte,1,m
Zena,1,w
Tonda,1,m
Zerin,1,w
Tran,1,m
Zerya,1,w
Travis,1,m
Zeyca,1,w
Trinh,1,m
Zhecheva,1,w
Trutz,1,m
Zhouyue,1,w
Trystan,1,m
Zobia,1,w
Tullius,1,m
Zoey-Sophie,1,w
Tuấn,1,m
Zofia,1,w
Tycho,1,m
Zofie,1,w
Tyler,1,m
Zola,1,w
Tùng,1,m
Zorana,1,w
Tú,1,m
Zula,1,w
Tāne,1,m
Ánh,1,w
Tấn,1,m
Åsa,1,w
Udo,1,m
Çağla,1,w
Umeyr,1,m
Éléonore,1,w
Uras,1,m
Ída,1,w
Uri,1,m
Đinh,1,w
Vadimovič,1,m
Đzastina,1,w
Vadymovych,1,m
Şafak,1,w
Vakkas,1,m
Şerwin,1,w
Valery,1,m
Vania,1,m
Vasilev,1,m
Vegard,1,m
Velas,1,m
Verian,1,m
Vesselin,1,m
Viet,1,m
Viggo,1,m
Viktorovič,1,m
Villem,1,m
Vince,1,m
Vitalii,1,m
Vito,1,m
Vittorio,1,m
Viêt,1,m
Vladimir,1,m
Volker,1,m
Volkmer,1,m
Volodimirovič,1,m
Vukoman,1,m
Vũ,1,m
Vương,1,m
Waldemar,1,m
Walther,1,m
Wassem,1,m
Wendell,1,m
Widar,1,m
Wilko,1,m
Willy,1,m
Wilson,1,m
Winfried,1,m
Winni,1,m
Wolf,1,m
Wolfgang,1,m
Włodzimierz,1,m
Xan,1,m
Xaver,1,m
Xhelal,1,m
Xiang,1,m
Yael,1,m
Yahto,1,m
Yakov,1,m
Yakub,1,m
Yama,1,m
Yaman,1,m
Yande,1,m
Yanfourd,1,m
Yanik,1,m
Yankov,1,m
Yannik,1,m
Yarden,1,m
Yaseen,1,m
Yasha,1,m
Yasir,1,m
Yavuz,1,m
Yazan,1,m
Yaşar,1,m
Yessin,1,m
Ylia,1,m
Yoann,1,m
Yohane,1,m
Yona,1,m
Yoshi,1,m
Youme,1,m
Younis,1,m
Yousef,1,m
Yufitri,1,m
Yuki,1,m
Yul,1,m
Yuliyan,1,m
Yunes,1,m
Yunis,1,m
Yurij,1,m
Yussif,1,m
Zahir,1,m
Zaid,1,m
Zaire,1,m
Zamzamtama,1,m
Zeno,1,m
Zente,1,m
Zidan,1,m
Zidane,1,m
Zineddine,1,m
Zuriel,1,m
Çağatay,1,m
Étienne,1,m
Önder,1,m
Özkan,1,m
Đuc,1,m
Đưc,1,m
Đạt,1,m
Şükrü,1,m
